$ANSIBLE_VAULT;1.1;AES256
66323865633166333932383762663064376337633034366438393962383964336363613536353861
3165353538303837643035343166396561313035633038310a356139636132323131303835313531
62653635363361636132393338653665376464393565333332373961666463316664666165393263
6662353861626565310a373836396564393462666136336431653037376165356333613039313563
30313932346431653031343238353838646661626336316533306263323239616638393836373737
66373734393739333335313066313163303465636466663461373836616235316661653936636163
37666665666462333430313730366332396138623634363831343835646135643636353436396439
35366431316565353238633061363434653864623333343162623335333831333431393138383535
65343834323439316363393532623536306265376432613266383238613538313964663333613364
63626364316639313937346334343735653133376363616439663538363166633032336361313631
35653639396130393934643761646232316465393637333038626131313636356232626533656131
33623061633562396639633164313631383736643933623166636232366263653762376532376535
37326630356333616464646235643365663230366461666339616331653734346132393666626639
35393238393761303031626534343233386463623633633966626434636663643731643038376366
62386330653936613338303437633639383034383632653734343836326234323062383362663666
62653466343533323363643466396437613466336539333664376464343930623065316561323262
64373735303363373562363662386539383536396433386535396233393363636263396264363965
30313461363435356433663634346634363262313666636665333635306261663733663461376435
62313631636338666164376334663362626135313863663662303033646562643034323332383237
39613130623035616535386534623366313533333566653062386639323330613565633636323232
34306130643034393231363032376133393231313866643334613563616235323232396665316635
64626264323164326465396439643039316465363933366139393539376365396661663034313437
30336131656139343036666330336561396132343535346538313131396635623334613633353665
34633837633933336666643738613266613963383736656161386234333963653531396661616234
32636530663735623230653632333431336238623233666131343739623132646361626130396336
37313865666639363139663761393562383034306533646139333233623132383535366562366631
65353437623264646130386464653734663561646430323464373463666339653764663330343061
38373536636336626137313732323561386230663338323232383230376437316435383038323634
64643933636538303535323136643634363261326538623465633838636365306139646363383239
65306133306237656337386432336664613435666462626635353435346136373337616335663634
31366666396363303035343436373332343936386239353364323563613636386231353935363062
61353037326162313364396534653165373163663164353965313435663337616130313832663930
35333163656639626261326263336332616234333939633836303564336263316437616266623162
32616561376233383632643534383564663962646638663230623035313264326563393737656137
66353434393631343431653636333935376536373564663432663830343762363737353836376231
32323661663662313138663462313036373132346339363331613533653666393336323038316566
38643839386661643861626132303766306465646262663032626438333764366237613833613130
61363331306136393532383436633233393962613338646662343339633037346434333961653433
32353438383431393032373538613237613665383432323536386239616561666666616661333633
38616663333963623363643764316661653330626139396330613265643433663434343232383264
31323836326132626338306338383664323830613039333832333130396362376231616362303837
64303837396165383034663762303863636261643130663231303639396537333664346334316237
36336464613834656166393139623661626235326237333935376363306131363238653037336265
32346336636664343666396636663732656562353135326239653831343963333536313165613161
30623264633931643261346439623963343830383262376234643532366166313335313266356437
66326262366561336238613564653162616361653439626333613762646334623330393336343132
65343862643830623739643062303165623137376331373433633038343730306534356339363530
37623063343533383165643262363565613530616633393861666438623138656635316136376561
63333735346264303263336362646530333831333036333636643732663262663238356232306137
63643137303937373837363363323165303137623265386562393634353965613336376238633963
31356239393939343836353461656532303362623565636535326165653431623135666335643336
34393637373033306436353538333037666132653332336364393537383338333066333531306361
38623564336231633732336533386239643638363333626264303566313565666361346435613737
32393365326634376235623537303437313332393937343134656535306263616563656231313266
61656434616636393964663739353966343866356466656162393234333661656361383566646133
38643066636262333737336663663763363638643263316661346337393436363135643766363831
38623238373134616236376131633137323932383435333039353765323231336132353463363664
34366363613031616666643737346162323138373436353766333137336533303137623466333663
39333862376236636563323038363237656361613530613862633334643537333731303437643633
37623433383135623633616233646135366231313062356237643936363765336461613735376439
63333364663663646534646663626439353738353737353339303138656166303432643335636135
64623730333965643839376630666232333865663833653233306164333339313630373930383566
33303064396631646266316432366466353434343838353831323965616664616663633430356531
32313363313364303464323831343564376566616536353463326161383631613666346334316534
65313933303138326130626134383466363934613233626333636636353636393038396666303562
31316132333736643762306134353764626335356363356436313561333966643163393733386564
65636236356466376137353836653039363033623766306164663638306439336534643165303737
63346161373066623237373366643663386132316435656463656133346166366437376365653065
38636632626131663637616537323439666262643161353066303364333538393238303863646232
65643462633135656232656162356364633031333864326531666336613364383562353436396462
37326561663138323032356431376636333664326561643432363334336338343634623463636162
37623336636166363161623031633731323938616662316630383666326432323836633962393861
36396261313535316462666561636236663963373937386633373832306439616366386431353763
34326137633061356433336634363564316137343063663865313562326465656333613162666537
38623535323033323333393564313766653932313462393439636232623137653538373663306532
39646165613035613935333436636634373039336634353363656562623965633931636265303761
33336263316139306335336664383733656235303331363535653536633266633038633538326563
32343763366266366338336136323138633931383130376539306535376538326164303163373261
30393935646462633034613232616231663465626163633262333162363065373735333065663537
63343764326466353062353236613863613666666463623362656165343564643737656339356638
64613835316231663562306235336463303066393365653235336133336632336532323763396435
30316233333631383766386635316161306130633734363938396536306235326538343936373833
61396632343163356537323335623231613232643363663163653138373530616564353532376631
39343261333761663836643533333234646131656161333534376661366535333033636363323863
33373761623764323035353639633764313636393261333763656465366165613738333139333830
36373631343561653938346161646566656431303466666234386434663063303734643766306530
38353339396538633931663439653831666338653361623438653465626139373535366366316635
62616139323666626436383638626337366335363564373334326430656163323139363464366137
34306132356164663533373430386535376466346531636638646533333338393036653938666634
39363366623262616537323339373065323662613732626235366532396132626330653933356463
61373462303430663862666363386439616235316666623863366265333332346533623932633630
36613830653063623138643364643532326663393564623730636365373634346266656234646531
39626366656365336638346335343362303232356365666464653233346439326336323238353066
36323936376333626237636163336438656636353733353733623865353961643366316332383763
33633636393164313933646164316364396231333664383931353832376634393461626135663833
62363966333339333134666663313132343966316530356162343266656631656631373030656665
30376631306533623962616531663163653737646566623938643837386139346630366266393837
31646335393134656431346531353261303338663364376131663038366133343661366662313935
62383638366233336236613563623532616461386133323663363435653939343361626634656362
34393736623230333962336363396264336663666336386665616261353366656264363662623061
66616434373136353664383866346435303061663332316462316237373863353863646331616538
62393833366466353636393662643064323765303364396139613631323937376634306230633431
37326132376337393938343762656161653139323433616264366365353462623533656232303662
61393262383334373233316134656265663334366239333936353833313561303564306137363733
30346132356662663164333433353330656237656239373866613337323030666265626539626230
37383466386635326135656638656538333733383431633838306538316131353938613662383433
64326637386238376162643531343135316438646436626261383264396431323234336231386530
34663435663361343338633730363635313662393037623534666435393535383464363535363934
31363565396561636364656164353064326339636663313031353661313961633934313830663761
33336138343336393964636336313931363532633663313635396136363832303462666437333031
30623266656431656162626235306531323961666461646631383265316538643135386662336431
61373131653336373362353462363433646461623666663961373639353962666434653065323839
30613632396137353765343262386237656465643932313263346532393139353862356264623333
32663235366339376261616231653034356366323634663161643130383338393134343535653239
34376431643538653365353232646135306232316163316162656537366662623234653434323736
36333961386538343465346564643964336537623265353635653162396263653832343438626536
61656535326239356634653961303635623839356432356436383530346261326165653834643739
38306137356262636563613437366466646638653262636465326330663936633032363838373261
64663735316531326661633263316432613065653730363761353264666635336433633462373433
38663364346538323838613133356364366433626436623838323735393463333365633065393462
30613735386135393933663066313562663936316361303735393264396233306535393433623236
61346131643265623863343938393036386165313038303936366563363465323536313366396363
61396563396363306261326434383537336534353262653731303939386563616339663762363737
39343030376636356632626666356639623632663866636262643936333732306266373135636666
38626265636332386133393334633162306162376264323562393962313537316662306637656636
66303962636630643664643535646165396639323637656436653134363165396261373962653938
65653231346533353134313364653431383837303163666437303735613332623835643964663265
61333235323662333835626235396339376231386432393035633464366165633531326434613136
65323963383763666438373834366539656164613336323162633737366236353533363238346561
38663162333937626430343034306530333737383439623837323438623636383264636335363263
65633862623330623737393432656566323832346631343532663634646139303638303033623561
63343465636639336637326461656632313465383130363534313831623930336635316361643431
31313134623739323366623939333761373564343730656231653266623737623936346534656230
30633663613162326263613133333765396566623333353763393065353633313738633334363738
61396336376236653337323234306264346438373766343161636530656232636333656437386533
62396531316232363563636430363931653762313466643364613936326337643831316665383038
38386663633831356430373030336634363038383665343235616632626438656134643030303764
63316264333830333363623265363937653032393065326633396163356661303736363535666433
39666632316363633233383635386464323065613265633466343034623831616534393430616131
64323462303536333964356434313763333539643935656632353363643061353432636239653831
30613038343363383233313163346439343065393836613734323362663739313130376165376266
31393535386132343838353863343638363238623266323838383863303064323762313963313336
63306536616564373164623561373734663832373636643537363662393464613032356530646130
36373264326539316666393833343533626163646261393765386330623636313732376162366364
39396336396236623362346434386633663061353434363135616132363661303831666466626633
37623933633338343865383836653234366165393334616234323437643066653838653339343530
39626638646262643336346162323536666266326538376363393435316666663136656138663832
65616365386265626231623265373963363664336130323861373538303664633464646336383335
63396264353339313763356566373366376361326236653934346565313239396332663534653565
36373566653632636437656138626562666331333137633864396630323636303434613231316461
31636666643633313339316564653662663437626638376465383037346134616439363832613732
30613731363331386638393363613130643231313365636334333561366336643137363736656630
34323064303637313939653766646537626533353664316565646238343261383563316463303636
64653731666630346162613439653036356366393331613534303566346164643933616630653761
38613161376231373833653436613039626235643833393638353534316135386232306266323266
65623734646165643263356531313165613432386165353563383761643831306639306134333931
63303735636637313934356433376135616539613230373936393338386230353437343364343266
64373233383863343563656266653735333637313065363534656466666636633731323038623766
61353031363566343239626436623432616565373534313764383764643162376161333439316438
33326432393063323638633730386437633636353438386530633638306365636664346363376436
66373063663634313734323161373964333534353563613337346332336536333033626664313934
63623761613733363930643234313538383666653532653234656635363136353533613539333063
65623333656532386139666134643934326234653437303663336366656263396637653066313239
32366536633633313933353335353439376462666436646463346338616131353262646266333261
30353731656562633561613730643363356134633036326539383737306366653932386162326261
64643437663731316235383038383266633864373333336564633230636537613663663639373965
61613562303830666139363565366634653235363864346335633532323431333764626162643435
32663664316639353263633132663165653864633061323963363062303239303132363535316337
35636238643534353865316262316538343865613738663366396134386365326363363666616530
66363233626166393961363135363733333564343037613666303633333436616335386134383138
65323135393464396233306339613831666666396130343461376339656233613337626237353733
65646539656636313739326231386433623436653230643038656230643635653263623934326536
33663130333132343932313563373665653362313030323366393165666565636136333339333835
30393566393631306338616530366334353933323163316632363931363232613339643563633666
31346434363033316230396463366338626237343864623663643033623136313065323562613937
63336430623138616131
